8
Left Punch
1
10
Armature_001/Leg_Left/Foot_Left
Armature_001/Leg_Left/Lower_Leg_Left
Armature_001/Leg_Right/Lower_Leg_Right
Armature_001/Leg_Right/Foot_Right
Armature_001/Torso
Armature_001/Torso/Neck
Armature_001/Torso/Shoulder_Left/Forearm_Left
Armature_001/Torso/Shoulder_Left/Arm_Left
Armature_001/Torso/Shoulder_Right/Arm_Right
Armature_001/Torso/Shoulder_Right/Forearm_Right
1
beginframe
Frame: Frame 1
10
-1.164907 -0.7094637 -0.5431732
-0.4639905 -8.717179E-07 3.874302E-07
-0.4639935 -5.960464E-07 2.44379E-06
-1.173406 -0.3226167 -0.8260253
4.398375E-07 -7.192648E-07 -8.530182E-07
-0.9999701 1.763731E-06 -6.152966E-07
-1.200258 -0.6384287 -0.008858741
-0.719099 1.267157E-05 -2.120927E-06
-0.7191089 6.116927E-06 -7.973722E-07
-0.4310284 0.5998964 -0.3394665
10
-0.701766 -0.3659454 -0.2449002 0.5600289
-0.8045315 -0.4295837 -0.08278363 0.401664
0.6896462 -0.1392052 0.4102197 0.5802844
0.7006962 -0.3634465 0.2483838 0.5614598
0.2437118 0.6637802 -0.2437122 0.6637806
0.4402788 0.00137042 0.01437928 0.897745
-0.6937319 -0.4734168 -0.1003616 -0.5334231
-0.6295879 -0.3094498 -0.3213768 -0.6360636
0.2887601 -0.7273126 -0.4047556 0.4730824
0.1719308 -0.9433616 0.2519017 -0.1305918
0
endframe

Front Kick
1
4
Armature_001/Leg_Left/Foot_Left
Armature_001/Leg_Left/Lower_Leg_Left
Armature_001/Torso/Shoulder_Left/Forearm_Left
Armature_001/Torso/Shoulder_Left/Arm_Left
3
beginframe
Frame: Frame 1
4
-0.1062958 -0.6547257 0.6651956
-0.4639905 -8.717179E-07 3.874302E-07
-1.059615 -0.3339733 -0.5749504
-0.719099 1.267157E-05 -2.120927E-06
4
-0.7758251 -0.2734023 -0.3140229 0.4740635
0.5641962 0.630646 -0.5302287 0.05315861
-0.37185 -0.6592671 0.109178 -0.6443405
0.2645923 -0.3475198 0.388992 0.8111141
0
endframe
beginframe
Frame: Frame 2
4
-0.2766029 -0.9188023 0.345578
-0.4639905 -8.717179E-07 3.874302E-07
-1.059615 -0.3339733 -0.5749504
-0.719099 1.267157E-05 -2.120927E-06
4
-0.7048386 -0.6225957 0.2277381 0.2524136
0.6271546 0.661138 -0.3957292 -0.1138945
-0.37185 -0.6592671 0.109178 -0.6443405
0.2645923 -0.3475198 0.388992 0.8111141
0
endframe
beginframe
Frame: Frame 3
4
-0.1062958 -0.6547256 0.6651955
-0.4639905 -8.717179E-07 3.874302E-07
-1.059615 -0.3339732 -0.5749505
-0.719099 1.267157E-05 -2.120927E-06
4
-0.7758251 -0.2734023 -0.3140229 0.4740636
0.5641962 0.630646 -0.5302287 0.05315861
-0.37185 -0.6592671 0.109178 -0.6443405
0.2645923 -0.3475198 0.388992 0.8111141
0
endframe

Front Kick 2
1
10
Armature_001/Leg_Left/Foot_Left
Armature_001/Leg_Left/Lower_Leg_Left
Armature_001/Leg_Right/Lower_Leg_Right
Armature_001/Leg_Right/Foot_Right
Armature_001/Torso
Armature_001/Torso/Neck
Armature_001/Torso/Shoulder_Left/Forearm_Left
Armature_001/Torso/Shoulder_Left/Arm_Left
Armature_001/Torso/Shoulder_Right/Arm_Right
Armature_001/Torso/Shoulder_Right/Forearm_Right
3
beginframe
Frame: Frame 1
10
-0.0192982 -0.4046276 0.798748
-0.4639905 -8.717179E-07 3.874302E-07
-0.4639935 -5.960464E-07 2.44379E-06
-1.173406 -0.3226167 -0.8260253
2.802298E-06 -9.989745E-08 -3.838581E-06
-0.9999701 1.763731E-06 -6.152966E-07
-1.059599 -0.3339655 -0.5749513
-0.719099 1.267157E-05 -2.120927E-06
-0.7191089 6.116927E-06 -7.973722E-07
-0.4310189 0.5998843 -0.3394694
10
-0.7329986 -0.3483557 -0.2190173 0.5416574
0.5003772 0.6025379 -0.5994176 0.1651345
0.6896462 -0.1392052 0.4102197 0.5802844
0.7006962 -0.3634465 0.2483838 0.5614598
-0.3362677 -0.2658012 0.8385689 -0.3362677
0.4402788 0.00137042 0.01437928 0.897745
0.3718453 0.6592693 -0.1091794 0.6443407
0.2645923 -0.3475198 0.388992 0.8111141
0.2887601 -0.7273126 -0.4047556 0.4730824
-0.1719305 0.9433602 -0.2519066 0.1305928
0
endframe
beginframe
Frame: Frame 2
10
-0.445715 -0.8265878 0.5614551
-0.4639905 -8.717179E-07 3.874302E-07
-0.4639935 -5.960464E-07 2.44379E-06
-1.173406 -0.3226167 -0.8260253
2.802298E-06 -9.989745E-08 -3.838581E-06
-0.9999701 1.763731E-06 -6.152966E-07
-1.059599 -0.3339655 -0.5749513
-0.719099 1.267157E-05 -2.120927E-06
-0.7191089 6.116927E-06 -7.973722E-07
-0.4310189 0.5998843 -0.3394694
10
-0.7743649 -0.5311099 0.2889413 0.1865321
0.6997755 0.5701001 -0.4291092 -0.03413669
0.6896462 -0.1392052 0.4102197 0.5802844
0.7006962 -0.3634465 0.2483838 0.5614598
-0.3362677 -0.2658012 0.8385689 -0.3362677
0.4402788 0.00137042 0.01437928 0.897745
0.3718453 0.6592693 -0.1091794 0.6443407
0.2645923 -0.3475198 0.388992 0.8111141
0.2887601 -0.7273126 -0.4047556 0.4730824
-0.1719305 0.9433602 -0.2519066 0.1305928
0
endframe
beginframe
Frame: Frame 3
10
-0.01929826 -0.4046275 0.798748
-0.4639905 -8.717179E-07 3.874302E-07
-0.4639935 -5.960464E-07 2.44379E-06
-1.173406 -0.3226166 -0.8260252
2.962239E-06 -2.330946E-07 -4.26509E-06
-0.9999701 1.763731E-06 -6.152966E-07
-1.059599 -0.3339661 -0.574951
-0.719099 1.267157E-05 -2.120927E-06
-0.7191089 6.116927E-06 -7.973722E-07
-0.4310187 0.5998843 -0.3394691
10
-0.7329987 -0.3483557 -0.2190174 0.5416574
0.5003772 0.6025379 -0.5994176 0.1651345
0.6896462 -0.1392052 0.4102197 0.5802844
0.7006962 -0.3634465 0.2483838 0.5614598
-0.3362678 -0.2658012 0.8385689 -0.3362677
0.4402788 0.00137042 0.01437928 0.897745
0.3718453 0.6592694 -0.1091793 0.6443407
0.2645923 -0.3475198 0.388992 0.8111141
0.2887601 -0.7273126 -0.4047556 0.4730824
-0.1719306 0.9433602 -0.2519067 0.1305928
0
endframe

Crouch
1
10
Armature_001/Leg_Left/Foot_Left
Armature_001/Leg_Left/Lower_Leg_Left
Armature_001/Leg_Right/Lower_Leg_Right
Armature_001/Leg_Right/Foot_Right
Armature_001/Torso
Armature_001/Torso/Neck
Armature_001/Torso/Shoulder_Left/Forearm_Left
Armature_001/Torso/Shoulder_Left/Arm_Left
Armature_001/Torso/Shoulder_Right/Arm_Right
Armature_001/Torso/Shoulder_Right/Forearm_Right
1
beginframe
Frame: Frame 1
10
-0.4584587 -0.9207267 0.3885189
-0.4639905 -8.717179E-07 3.874302E-07
-0.4639935 -5.960464E-07 2.44379E-06
-0.6116002 -0.9372274 -0.3139001
-1.599409E-07 -1.331972E-07 -1.58887E-14
-0.9999701 1.763731E-06 -6.152966E-07
-1.059615 -0.3339733 -0.5749504
-0.719099 1.267157E-05 -2.120927E-06
-0.7191089 6.116927E-06 -7.973722E-07
-0.4310273 0.5998976 -0.3394668
10
-0.7348908 -0.353845 -0.2121566 0.5382555
0.6963391 0.6017401 -0.3750817 -0.1110605
-0.3777767 -0.1290205 -0.6399524 -0.6565817
-0.7270709 0.3379906 -0.2362313 -0.548931
0.2437112 0.6637807 -0.2437113 0.6637807
0.4402788 0.00137042 0.01437928 0.897745
-0.37185 -0.6592671 0.109178 -0.6443405
0.2645923 -0.3475198 0.388992 0.8111141
0.2887601 -0.7273126 -0.4047556 0.4730824
0.1719297 -0.9433619 0.2519016 -0.1305917
0
endframe

Crouch 2
1
10
Armature_001/Leg_Left/Foot_Left
Armature_001/Leg_Left/Lower_Leg_Left
Armature_001/Leg_Right/Lower_Leg_Right
Armature_001/Leg_Right/Foot_Right
Armature_001/Torso
Armature_001/Torso/Neck
Armature_001/Torso/Shoulder_Left/Forearm_Left
Armature_001/Torso/Shoulder_Left/Arm_Left
Armature_001/Torso/Shoulder_Right/Arm_Right
Armature_001/Torso/Shoulder_Right/Forearm_Right
3
beginframe
Frame: Frame 1
10
-0.6155801 -0.9500749 0.270418
-0.4639905 -8.717179E-07 3.874302E-07
-0.4639935 -5.960464E-07 2.44379E-06
-0.6567117 -0.9280464 -0.3167364
-1.599409E-07 -1.331972E-07 -1.58887E-14
-0.9999701 1.763731E-06 -6.152966E-07
-1.059615 -0.3339733 -0.5749504
-0.719099 1.267157E-05 -2.120927E-06
-0.7191089 6.116927E-06 -7.973722E-07
-0.4310273 0.5998976 -0.3394668
10
-0.7283846 -0.3418114 -0.2318072 0.5467051
0.7397544 0.5710066 -0.3133184 -0.1689573
-0.3878233 -0.124511 -0.6229981 -0.667805
-0.7256535 0.333249 -0.2410742 -0.5515935
0.2437112 0.6637807 -0.2437113 0.6637807
0.4402788 0.00137042 0.01437928 0.897745
-0.37185 -0.6592671 0.109178 -0.6443405
0.2645923 -0.3475198 0.388992 0.8111141
0.2887601 -0.7273126 -0.4047556 0.4730824
0.1719297 -0.9433619 0.2519016 -0.1305917
0
endframe
beginframe
Frame: Frame 2
10
-0.6155801 -0.9500749 0.270418
-0.4639905 -8.717179E-07 3.874302E-07
-0.4639935 -5.960464E-07 2.44379E-06
-0.6567117 -0.9280464 -0.3167364
-1.599409E-07 -1.331972E-07 -1.58887E-14
-0.9999701 1.763731E-06 -6.152966E-07
-1.059615 -0.3339733 -0.5749504
-0.719099 1.267157E-05 -2.120927E-06
-0.7191089 6.116927E-06 -7.973722E-07
-0.4310273 0.5998976 -0.3394668
10
-0.7283846 -0.3418114 -0.2318072 0.5467051
0.7397544 0.5710066 -0.3133184 -0.1689573
-0.3878233 -0.124511 -0.6229981 -0.667805
-0.7256535 0.333249 -0.2410742 -0.5515935
0.2437112 0.6637807 -0.2437113 0.6637807
0.4402788 0.00137042 0.01437928 0.897745
-0.37185 -0.6592671 0.109178 -0.6443405
0.2645923 -0.3475198 0.388992 0.8111141
0.2887601 -0.7273126 -0.4047556 0.4730824
0.1719297 -0.9433619 0.2519016 -0.1305917
0
endframe
beginframe
Frame: Frame 3
10
-0.6155801 -0.9500749 0.270418
-0.4639905 -8.717179E-07 3.874302E-07
-0.4639935 -5.960464E-07 2.44379E-06
-0.6567117 -0.9280464 -0.3167364
-1.599409E-07 -1.331972E-07 -1.58887E-14
-0.9999701 1.763731E-06 -6.152966E-07
-1.059615 -0.3339733 -0.5749504
-0.719099 1.267157E-05 -2.120927E-06
-0.7191089 6.116927E-06 -7.973722E-07
-0.4310273 0.5998976 -0.3394668
10
-0.7283846 -0.3418114 -0.2318072 0.5467051
0.7397544 0.5710066 -0.3133184 -0.1689573
-0.3878233 -0.124511 -0.6229981 -0.667805
-0.7256535 0.333249 -0.2410742 -0.5515935
0.2437112 0.6637807 -0.2437113 0.6637807
0.4402788 0.00137042 0.01437928 0.897745
-0.37185 -0.6592671 0.109178 -0.6443405
0.2645923 -0.3475198 0.388992 0.8111141
0.2887601 -0.7273126 -0.4047556 0.4730824
0.1719297 -0.9433619 0.2519016 -0.1305917
0
endframe

Step Forward
1
10
Armature_001/Leg_Left/Foot_Left
Armature_001/Leg_Left/Lower_Leg_Left
Armature_001/Leg_Right/Lower_Leg_Right
Armature_001/Leg_Right/Foot_Right
Armature_001/Torso
Armature_001/Torso/Neck
Armature_001/Torso/Shoulder_Left/Forearm_Left
Armature_001/Torso/Shoulder_Left/Arm_Left
Armature_001/Torso/Shoulder_Right/Arm_Right
Armature_001/Torso/Shoulder_Right/Forearm_Right
2
beginframe
Frame: Frame 1
10
-0.783103 -0.9414684 -0.1041688
-0.4639905 -8.717179E-07 3.874302E-07
-0.4639935 -5.960464E-07 2.44379E-06
-1.173406 -0.3226166 -0.8260252
-1.199557E-07 -1.864761E-07 -2.224418E-14
-0.9999701 1.763731E-06 -6.152966E-07
-1.059615 -0.3339732 -0.5749505
-0.719099 1.267157E-05 -2.120927E-06
-0.7191089 6.116927E-06 -7.973722E-07
-0.4310272 0.5998976 -0.339467
10
-0.7422196 -0.3754285 -0.1839562 0.5237591
0.752206 0.5613101 -0.159327 -0.306157
0.6896462 -0.1392052 0.4102197 0.5802844
0.7006962 -0.3634465 0.2483838 0.5614598
0.2437112 0.6637807 -0.2437114 0.6637807
0.4402788 0.00137042 0.01437928 0.897745
-0.37185 -0.6592671 0.109178 -0.6443405
0.2645923 -0.3475198 0.388992 0.8111141
0.2887601 -0.7273126 -0.4047556 0.4730824
0.1719297 -0.9433619 0.2519016 -0.1305916
0
endframe
beginframe
Frame: Frame 2
10
-0.783103 -0.9414684 -0.1041688
-0.4639905 -8.717179E-07 3.874302E-07
-0.4639935 -5.960464E-07 2.44379E-06
-1.173406 -0.3226166 -0.8260252
-1.199557E-07 -1.864761E-07 -2.224418E-14
-0.9999701 1.763731E-06 -6.152966E-07
-1.059615 -0.3339732 -0.5749505
-0.719099 1.267157E-05 -2.120927E-06
-0.7191089 6.116927E-06 -7.973722E-07
-0.4310272 0.5998976 -0.339467
10
-0.7422196 -0.3754285 -0.1839562 0.5237591
0.752206 0.5613101 -0.159327 -0.306157
0.6896462 -0.1392052 0.4102197 0.5802844
0.7006962 -0.3634465 0.2483838 0.5614598
0.2437112 0.6637807 -0.2437114 0.6637807
0.4402788 0.00137042 0.01437928 0.897745
-0.37185 -0.6592671 0.109178 -0.6443405
0.2645923 -0.3475198 0.388992 0.8111141
0.2887601 -0.7273126 -0.4047556 0.4730824
0.1719297 -0.9433619 0.2519016 -0.1305916
0
endframe

Step Forward 2
1
10
Armature_001/Leg_Left/Foot_Left
Armature_001/Leg_Left/Lower_Leg_Left
Armature_001/Leg_Right/Lower_Leg_Right
Armature_001/Leg_Right/Foot_Right
Armature_001/Torso
Armature_001/Torso/Neck
Armature_001/Torso/Shoulder_Left/Forearm_Left
Armature_001/Torso/Shoulder_Left/Arm_Left
Armature_001/Torso/Shoulder_Right/Arm_Right
Armature_001/Torso/Shoulder_Right/Forearm_Right
1
beginframe
Frame: Frame 1
10
-0.8876631 -0.9034842 -0.05763662
-0.4639905 -8.717179E-07 3.874302E-07
-0.4639935 -5.960464E-07 2.44379E-06
-1.173406 -0.3226167 -0.8260253
-1.599409E-07 -1.331972E-07 -1.58887E-14
-0.9999701 1.763731E-06 -6.152966E-07
-1.059615 -0.3339733 -0.5749504
-0.719099 1.267157E-05 -2.120927E-06
-0.7191089 6.116927E-06 -7.973722E-07
-0.4310273 0.5998976 -0.3394668
10
-0.7311437 -0.3387022 -0.2369282 0.5427475
0.7864232 0.511704 -0.1622738 -0.3055567
0.6896462 -0.1392052 0.4102197 0.5802844
0.7006962 -0.3634465 0.2483838 0.5614598
0.2437112 0.6637807 -0.2437113 0.6637807
0.4402788 0.00137042 0.01437928 0.897745
-0.37185 -0.6592671 0.109178 -0.6443405
0.2645923 -0.3475198 0.388992 0.8111141
0.2887601 -0.7273126 -0.4047556 0.4730824
0.1719297 -0.9433619 0.2519016 -0.1305917
0
endframe

Step Forward 3
1
10
Armature_001/Leg_Left/Foot_Left
Armature_001/Leg_Left/Lower_Leg_Left
Armature_001/Leg_Right/Lower_Leg_Right
Armature_001/Leg_Right/Foot_Right
Armature_001/Torso
Armature_001/Torso/Neck
Armature_001/Torso/Shoulder_Left/Forearm_Left
Armature_001/Torso/Shoulder_Left/Arm_Left
Armature_001/Torso/Shoulder_Right/Arm_Right
Armature_001/Torso/Shoulder_Right/Forearm_Right
2
beginframe
Frame: Frame 1
10
-1.120375 -0.2011921 -0.7271042
-0.4639905 -8.717179E-07 3.874302E-07
-0.4639935 -5.960464E-07 2.44379E-06
-0.5249552 0.9962679 -0.05095285
-1.599409E-07 -1.331972E-07 -1.58887E-14
-0.9999701 1.763731E-06 -6.152966E-07
-1.059615 -0.3339732 -0.5749505
-0.719099 1.267157E-05 -2.120927E-06
-0.7191089 6.116927E-06 -7.973722E-07
-0.4310273 0.5998976 -0.3394668
10
-0.734692 -0.3344379 -0.2430212 0.5378845
0.7468101 0.3189932 0.2646712 -0.5200645
-0.4680277 0.4130467 -0.5467381 0.5580502
-0.755509 0.346465 -0.233338 -0.5046996
0.2437112 0.6637807 -0.2437113 0.6637807
0.4402788 0.00137042 0.01437928 0.897745
-0.3718498 -0.6592674 0.1091778 -0.6443403
0.2645923 -0.3475198 0.388992 0.8111141
0.2887601 -0.7273126 -0.4047556 0.4730824
0.1719297 -0.9433619 0.2519015 -0.1305917
0
endframe
beginframe
Frame: Frame 2
10
-1.164907 -0.7094636 -0.5431731
-0.4639905 -8.717179E-07 3.874302E-07
-0.4639935 -5.960464E-07 2.44379E-06
-1.173406 -0.3226166 -0.8260252
-1.199557E-07 -1.864761E-07 -2.224418E-14
-0.9999701 1.763731E-06 -6.152966E-07
-1.059615 -0.3339731 -0.5749505
-0.719099 1.267157E-05 -2.120927E-06
-0.7191089 6.116927E-06 -7.973722E-07
-0.4310272 0.5998975 -0.339467
10
-0.7017661 -0.3659454 -0.2449003 0.5600289
-0.8045315 -0.4295837 -0.08278363 0.401664
0.6896462 -0.1392052 0.4102197 0.5802844
0.7006962 -0.3634465 0.2483838 0.5614598
0.2437112 0.6637807 -0.2437114 0.6637807
0.4402788 0.00137042 0.01437928 0.897745
-0.3718499 -0.6592673 0.1091778 -0.6443403
0.2645923 -0.3475198 0.388992 0.8111141
0.2887601 -0.7273126 -0.4047556 0.4730824
0.1719297 -0.9433619 0.2519016 -0.1305917
0
endframe

