2
StartingStance
1
34
NAO Bot (Physics, Anim Builder)
12211_Robot_l2_v4
12211_Robot_l2_v4/12211_Robot_l2_v4_MeshPart0
12211_Robot_l2_v4/12211_Robot_l2_v4_MeshPart1
12211_Robot_l2_v4/12211_Robot_l2_v4_MeshPart2
Armature_001
Armature_001/Leg_Left
Armature_001/Leg_Left/Lower_Leg_Left
Armature_001/Leg_Left/Foot_Left
Armature_001/Leg_Left/Foot_Left/Toes_Left
Armature_001/Leg_Right
Armature_001/Leg_Right/Foot_Right
Armature_001/Leg_Right/Foot_Right/Toes_Right
Armature_001/Leg_Right/Lower_Leg_Right
Armature_001/Torso
Armature_001/Torso/Neck
Armature_001/Torso/Shoulder_Left
Armature_001/Torso/Shoulder_Left/Forearm_Left
Armature_001/Torso/Shoulder_Left/Forearm_Left/Top_Finger_Back_Left
Armature_001/Torso/Shoulder_Left/Forearm_Left/Top_Finger_Back_Left/Bottom_Finger_Back_Left
Armature_001/Torso/Shoulder_Left/Forearm_Left/Top_Finger_Front_Left
Armature_001/Torso/Shoulder_Left/Forearm_Left/Top_Finger_Front_Left/Bottom_Finger_Front_Left
Armature_001/Torso/Shoulder_Left/Forearm_Left/Top_Finger_Middle_Left
Armature_001/Torso/Shoulder_Left/Forearm_Left/Top_Finger_Middle_Left/Bottom_Finger_Middle_Left
Armature_001/Torso/Shoulder_Left/Arm_Left
Armature_001/Torso/Shoulder_Right
Armature_001/Torso/Shoulder_Right/Forearm_Right
Armature_001/Torso/Shoulder_Right/Forearm_Right/Top_Finger_Back_Right
Armature_001/Torso/Shoulder_Right/Forearm_Right/Top_Finger_Back_Right/Bottom_Finger_Back_Right
Armature_001/Torso/Shoulder_Right/Forearm_Right/Top_Finger_Front_Right
Armature_001/Torso/Shoulder_Right/Forearm_Right/Top_Finger_Front_Right/Bottom_Finger_Front_Right
Armature_001/Torso/Shoulder_Right/Forearm_Right/Top_Finger_Middle_Right
Armature_001/Torso/Shoulder_Right/Forearm_Right/Top_Finger_Middle_Right/Bottom_Finger_Middle_Right
Armature_001/Torso/Shoulder_Right/Arm_Right
2
beginframe
Frame: Origin Frame
34
0 0 0
-0.0188835 0.02542697 -2.284714
0 0 0
0 0 0
0 0 0
0.01055588 1.277155 0.01422289
0 0 0
-0.4639906 2.980232E-08 -3.678724E-08
-1.257726 -0.2142468 -0.7834201
-0.7942272 -6.053597E-09 3.72529E-09
0 0 0
-1.257726 0.2142472 -0.7834202
-0.7942273 1.250301E-07 -1.862645E-09
-0.4639907 3.539026E-08 -7.450581E-09
0 0 0
-1 7.54979E-08 0
-1 7.54979E-08 0
-1.197384 -0.0165092 -0.5736608
-0.5874082 1.634471E-07 5.122274E-09
-0.1753889 1.071021E-07 -1.117587E-08
-0.5874082 1.634471E-07 5.122274E-09
-0.1638855 -3.451714E-08 1.303852E-08
-0.5874082 1.634471E-07 5.122274E-09
-0.1787838 -7.450581E-09 -5.029142E-08
-0.7191164 5.308539E-08 -1.989247E-08
-1 7.54979E-08 0
-1.197384 0.01650958 -0.5736605
-0.5874082 -1.178123E-07 4.656613E-09
-0.1773194 -2.8871E-08 1.117587E-08
-0.5874082 -1.178123E-07 4.656613E-09
-0.1703815 3.72529E-08 -5.634502E-08
-0.5874082 -1.178123E-07 4.656613E-09
-0.1789861 5.587935E-09 -6.682239E-08
-0.7191165 5.075708E-08 -1.990702E-08
34
0 0 0 1
-2.487094E-15 0 0 1
0 0 0 1
0 0 0 1
0 0 0 1
-0.7071068 0 0 0.7071067
0.1458141 -0.3507209 0.03589922 0.9243616
-0.7695138 -0.291425 -0.2561318 0.5072637
-0.7062764 -0.376809 -0.2295665 0.5536135
0.01471374 -0.7042398 0.02866531 0.7092306
0.3507211 -0.1458149 0.9243614 0.03589898
0.7062764 -0.3768091 0.2295663 0.5536134
-0.01471383 -0.7042398 -0.02866531 0.7092306
0.7695139 -0.2914251 0.2561319 0.5072635
0.5 0.5000001 -0.5 0.5000001
0.03128051 0.007173243 0.01253746 0.9994063
0.4570788 0.5382622 -0.5210277 -0.479461
-0.4525177 -0.5377119 -0.3788927 0.602108
-0.1102759 0.2451241 -0.03933972 0.9623958
-0.3659743 -0.1342896 -0.3117583 0.8665079
-0.1255806 -0.20515 0.02794784 0.9702381
0.3588543 0.09481601 -0.2700169 0.8884393
-0.5617509 0.1644871 -0.3396909 0.7361997
-0.4062467 -0.1487711 -0.03470534 0.900903
0.1923456 -0.4117059 0.1019734 0.884931
-0.4570787 0.5382622 0.5210277 -0.479461
0.4525177 -0.537712 0.3788926 0.6021079
0.06639137 0.2221505 0.1069693 0.96685
-0.4998029 -0.3051557 0.03584463 0.80981
-0.6358166 -0.1653255 -0.1244486 0.7435841
0.934962 0.2163918 0.1656631 -0.2271047
0.686294 0.2391032 0.3506791 0.5906389
0.1388157 -0.1757451 -0.01870202 0.9744199
-0.1923456 -0.4117059 -0.1019734 0.884931
0
endframe
beginframe
Frame: Frame 1
34
0 0 0
-0.0188835 0.02542697 -2.284714
0 0 0
0 0 0
0 0 0
0.01055588 1.277155 0.01422289
0 0 0
-0.4639906 2.980232E-08 -3.678724E-08
-1.257726 -0.2142468 -0.7834201
-0.7942272 -6.053597E-09 3.72529E-09
0 0 0
-1.257726 0.2142472 -0.7834202
-0.7942273 1.250301E-07 -1.862645E-09
-0.4639907 3.539026E-08 -7.450581E-09
0 0 0
-1 7.54979E-08 0
-1 7.54979E-08 0
-1.197384 -0.0165092 -0.5736608
-0.5874082 1.634471E-07 5.122274E-09
-0.1753889 1.071021E-07 -1.117587E-08
-0.5874082 1.634471E-07 5.122274E-09
-0.1638855 -3.451714E-08 1.303852E-08
-0.5874082 1.634471E-07 5.122274E-09
-0.1787838 -7.450581E-09 -5.029142E-08
-0.7191164 5.308539E-08 -1.989247E-08
-1 7.54979E-08 0
-1.197384 0.01650958 -0.5736605
-0.5874082 -1.178123E-07 4.656613E-09
-0.1773194 -2.8871E-08 1.117587E-08
-0.5874082 -1.178123E-07 4.656613E-09
-0.1703815 3.72529E-08 -5.634502E-08
-0.5874082 -1.178123E-07 4.656613E-09
-0.1789861 5.587935E-09 -6.682239E-08
-0.7191165 5.075708E-08 -1.990702E-08
34
0 0 0 1
-2.487094E-15 0 0 1
0 0 0 1
0 0 0 1
0 0 0 1
-0.7071068 0 0 0.7071067
0.1458141 -0.3507209 0.03589922 0.9243616
-0.7695138 -0.291425 -0.2561318 0.5072637
-0.7062764 -0.376809 -0.2295665 0.5536135
0.01471374 -0.7042398 0.02866531 0.7092306
0.3507211 -0.1458149 0.9243614 0.03589898
0.7062764 -0.3768091 0.2295663 0.5536134
-0.01471383 -0.7042398 -0.02866531 0.7092306
0.7695139 -0.2914251 0.2561319 0.5072635
0.5 0.5000001 -0.5 0.5000001
0.03128051 0.007173243 0.01253746 0.9994063
0.4570788 0.5382622 -0.5210277 -0.479461
-0.4525177 -0.5377119 -0.3788927 0.602108
-0.1102759 0.2451241 -0.03933972 0.9623958
-0.3659743 -0.1342896 -0.3117583 0.8665079
-0.1255806 -0.20515 0.02794784 0.9702381
0.3588543 0.09481601 -0.2700169 0.8884393
-0.5617509 0.1644871 -0.3396909 0.7361997
-0.4062467 -0.1487711 -0.03470534 0.900903
0.1923456 -0.4117059 0.1019734 0.884931
-0.4570787 0.5382622 0.5210277 -0.479461
0.4525177 -0.537712 0.3788926 0.6021079
0.06639137 0.2221505 0.1069693 0.96685
-0.4998029 -0.3051557 0.03584463 0.80981
-0.6358166 -0.1653255 -0.1244486 0.7435841
0.934962 0.2163918 0.1656631 -0.2271047
0.686294 0.2391032 0.3506791 0.5906389
0.1388157 -0.1757451 -0.01870202 0.9744199
-0.1923456 -0.4117059 -0.1019734 0.884931
100
endframe

Fighting Stance
1
10
Armature_001/Leg_Left/Lower_Leg_Left
Armature_001/Leg_Left/Foot_Left
Armature_001/Leg_Right/Lower_Leg_Right
Armature_001/Leg_Right/Foot_Right
Armature_001/Torso
Armature_001/Torso/Neck
Armature_001/Torso/Shoulder_Left/Arm_Left
Armature_001/Torso/Shoulder_Left/Forearm_Left
Armature_001/Torso/Shoulder_Right/Arm_Right
Armature_001/Torso/Shoulder_Right/Forearm_Right
2
beginframe
Frame: Frame 1
10
-0.4639905 -8.717179E-07 3.874302E-07
-1.164907 -0.7094637 -0.5431734
-0.4639935 -5.960464E-07 2.44379E-06
-1.173406 -0.3226168 -0.8260254
0 0 0
-0.9999701 1.763731E-06 -6.152966E-07
-0.719099 1.267157E-05 -2.120927E-06
-1.059616 -0.3339736 -0.5749501
-0.7191089 6.116927E-06 -7.973722E-07
-0.4310273 0.5998977 -0.3394669
10
-0.8045315 -0.4295837 -0.08278363 0.401664
-0.7017661 -0.3659454 -0.2449002 0.5600289
0.6896462 -0.1392052 0.4102197 0.5802844
0.7006962 -0.3634465 0.2483838 0.5614598
0.2437113 0.6637807 -0.2437113 0.6637807
0.4402788 0.00137042 0.01437928 0.897745
0.2645923 -0.3475198 0.388992 0.8111141
-0.37185 -0.6592672 0.1091781 -0.6443404
0.2887601 -0.7273125 -0.4047556 0.4730824
0.1719298 -0.9433619 0.2519016 -0.1305917
0
endframe
beginframe
Frame: Frame 2
10
-0.4639905 -8.717179E-07 3.874302E-07
-1.164907 -0.7094637 -0.5431734
-0.4639935 -5.960464E-07 2.44379E-06
-1.173406 -0.3226168 -0.8260254
0 0 0
-0.9999701 1.763731E-06 -6.152966E-07
-0.719099 1.267157E-05 -2.120927E-06
-1.059616 -0.3339736 -0.5749501
-0.7191089 6.116927E-06 -7.973722E-07
-0.4310273 0.5998977 -0.3394669
10
-0.8045315 -0.4295837 -0.08278363 0.401664
-0.7017661 -0.3659454 -0.2449002 0.5600289
0.6896462 -0.1392052 0.4102197 0.5802844
0.7006962 -0.3634465 0.2483838 0.5614598
0.2437113 0.6637807 -0.2437113 0.6637807
0.4402788 0.00137042 0.01437928 0.897745
0.2645923 -0.3475198 0.388992 0.8111141
-0.37185 -0.6592672 0.1091781 -0.6443404
0.2887601 -0.7273125 -0.4047556 0.4730824
0.1719298 -0.9433619 0.2519016 -0.1305917
100
endframe

